50 20 0 0 0 0 0 0 0 0 0 0 0 0 0 0 0 0 0 0 0 0 0 0 0 0 0 0 0 0 0 0 0 0 0 0 0 0 0 0 0 0 0 0 0 0 0 0 0 0 0 0 0 -1 -1 -1 -1 -1 0 -1 -1 -1 -1 -1 -1 -1 -1 -1 -1 -1 0 -1 -1 -1 -1 -1 0 -1 -1 -1 -1 -1 -1 -1 -2 -1 -1 -2 0 -1 -1 -1 -1 -1 0 -2 -2 -2 -2 -2 -2 0 0 -1 -1 -1 -1 -1 0 -1 -1 -1 -1 -1 -1 -1 -1 -1 -1 -1 0 -1 -1 -1 -1 -1 0 -1 -1 -1 -1 -1 -1 -1 -2 -1 -1 -2 0 -1 -1 -1 -1 -1 0 -2 -2 -2 -2 -2 -1 0 0 -1 -1 -1 -1 -1 0 -1 -1 -1 -1 -1 -1 -1 -1 -1 -1 -1 -1 -1 -1 -1 -1 -1 0 -1 -1 -1 -1 -1 -1 -1 -2 -1 -1 -2 -1 -1 -1 -1 -1 -1 0 -2 -2 -2 0 0 1 0 0 -1 -1 -1 -1 -1 -1 -1 -1 -1 -1 -1 -1 -1 -1 -1 -1 -1 -1 -1 -1 -1 -1 -1 0 -1 -1 -1 -1 -1 0 0 -2 -1 -1 -2 -1 -1 -1 -1 -1 -1 0 -2 -2 -2 0 0 0 0 0 -1 -1 -1 -1 -1 -1 -1 -1 -1 -1 -1 0 -1 -1 -1 -1 -1 -1 -1 -1 -1 -1 -1 -1 -1 -1 -1 -1 -1 0 -2 -2 3 -1 -2 0 -1 -1 -1 -1 -1 0 -2 -2 -2 0 0 0 0 0 -1 -1 -1 -1 -1 0 -1 -1 -1 -1 -1 0 -1 0 0 -1 -1 0 -1 -1 -1 -1 -1 -1 -1 -1 -1 -1 -1 0 -2 -2 -2 0 -2 0 0 -1 -1 -1 -1 -1 -2 -2 -2 0 0 0 0 0 -1 -1 -1 -1 3 0 -1 -1 -1 -1 -1 0 -1 -1 0 2 3 0 2 0 -1 2 -1 -1 -1 -1 -1 -1 -1 0 -2 -2 -2 -2 -2 0 0 -1 2 -1 -1 -1 -2 -2 -2 0 0 0 0 0 -1 -1 -1 2 0 0 3 3 3 3 3 0 0 0 0 0 0 0 0 0 0 0 0 0 0 3 0 3 0 0 2 2 2 2 2 0 0 0 0 0 0 0 0 0 0 0 0 0 0 0 -1 -1 -1 -1 -1 0 -1 -1 -1 -1 -2 -2 -1 -1 -1 -1 -1 -2 -1 -1 -1 -2 -1 -1 -1 -1 -1 -1 -1 0 0 0 0 0 0 0 -1 -1 -1 -1 -1 -1 -1 -1 -1 -1 -1 -1 0 0 -1 -1 -1 -1 -1 0 -1 -1 -1 -1 -2 -2 -1 -1 -1 -1 -1 -2 -1 -1 -1 -2 -1 -1 -1 -1 -1 -1 -1 -1 -1 -1 -1 -1 -1 -1 -1 -1 -1 -1 -1 -1 -1 -1 -1 -1 -1 -1 0 0 -1 -1 -1 -1 -1 -1 -1 -1 -1 -1 -2 -2 -1 -1 -1 -1 -1 -2 -1 -1 -1 -2 -1 -1 -1 -1 -1 -1 -1 -1 -1 -1 -1 -1 -1 -1 -1 -1 -1 -1 -1 -1 -1 -1 -1 -1 -1 -1 4 0 2 -1 -1 -1 -1 -1 -1 -1 -1 -1 -2 -2 -1 -1 -1 -1 -1 -2 -1 -1 -1 -2 -1 -1 -1 -1 -1 -1 -1 -1 -1 -1 -1 -1 -1 -1 -1 -1 -1 -1 -1 -1 -1 -1 -1 -1 -1 -1 4 0 0 2 -1 -1 -1 -1 -1 -1 -1 -1 -2 -2 -1 -1 -1 -1 -1 -2 -1 -1 -1 -2 -1 -1 -1 -1 -1 -1 -1 -1 -1 -1 -1 -1 -1 -1 -1 -1 -1 -1 -1 -1 -1 -1 -1 -1 -1 -1 4 0 0 0 0 0 0 0 0 0 0 0 -2 -2 0 0 0 0 0 -2 0 0 0 -2 0 0 0 0 0 0 0 0 2 0 0 0 0 0 0 0 0 0 0 0 0 0 0 0 0 0 0 0 0 0 0 0 0 0 0 0 0 0 -2 -2 0 0 0 0 0 -2 -2 -2 -2 -2 0 0 0 0 0 0 0 0 0 0 0 0 0 0 0 0 0 0 0 0 0 0 0 0 0 0 0 0 0 0 0 0 0 0 0 0 0 0 -2 -2 0 0 0 0 0 -2 -2 -2 -2 -2 0 0 0 0 0 0 0 0 0 0 0 0 0 0 0 0 0 0 0 0 0 0 0 0 0 0 0 0 0 0 0 0 0 0 0 0 0 0 -2 -2 0 0 0 0 0 -2 -2 -2 -2 -2 0 0 0 0 0 0 0 0 0 0 0 0 0 0 0 0 0 0 0 0 0 0 0 0 0 0 0 0 0 0 0 0 0 0 0 0 0 0 -2 -2 0 0 0 0 0 -2 -2 -2 -2 -2 0 0 0 0 0 0 0 0 0 0 0 0 0 0 0 0 0 0 0 0 0 0 0 0 0 0 0 0 0 0 0 0 0 0 0 0 0 0 2 2 0 0 0 0 0 2 2 0 0 0 0 0 0 0 0 0 0 0 0 0 0 0 0 0 0 0 0 0 0 0 0 0 0 0 0 0 0 48 2 64 960 96 992 96 384 128 1152 128 192 160 448 160 480 160 576 160 1088 160 1184 160 640 192 416 224 448 224 672 224 736 224 768 224 800 224 864 224 928 224 1216 224 1280 224 1312 224 1344 224 96 416 128 416 160 416 192 416 224 416 256 416 288 416 320 416 416 416 448 416 480 416 512 416 544 416 608 416 640 416 672 416 736 416 768 416 800 416 832 416 864 416 896 416 928 416 960 416 1024 416 1056 416 1088 416 1120 416 1152 416 1184 416 1216 416 1248 416 1280 416 1312 416 1344 416 1376 416 1408 416 1440 416 1472 416 1504 416 1536 416
1446.7 227.008 0 2.2025 80 330 0 0
1 1427.1 205.21 -2.2 35
12 Leaper 1458.17 373.948 55.6623 -102.409 836 55.6623 259.719 1
Caster 234.726 349.296 13.1088 -26.4975 3289 13.1088 26.4975
Leaper 641.713 362.5 57.4998 5.78813 903 57.4998 260.938 1
Caster 1447.71 332.085 15.4625 -33.0664 3322 15.4625 33.0664
Leaper 1421.89 370.592 44.0942 55.3738 1034 44.0942 251.198 1
Caster 1256.54 118.188 23.8333 50.119 2561 23.8333 50.119
Leaper 442.515 227.683 58.5427 60.0315 1035 58.5427 209.445 1
Caster 1387.14 288 13.1832 0 2655 13.1832 49.0558
Leaper 1395.94 203.128 42.021 -49.0393 858 42.021 195.555 1
Caster 859.719 112.135 19.3507 -43.1214 2581 19.3507 43.1214
Leaper 1522.61 398.48 -53.5051 95.2356 1108 53.5051 203.797 1
Caster 522.362 309.32 12.947 -41.2888 3205 12.947 41.2888
